11
ES114      0.0000000 0.0007191 0.0272089 0.0264203 0.0225100 0.0237448 0.0213061 0.0202368 0.0216828 0.0216828 0.1202982 
MJ102      0.0007191 0.0000000 0.0264235 0.0256367 0.0217353 0.0229652 0.0205357 0.0194656 0.0209119 0.0209119 0.1202982 
EM24       0.0272089 0.0264235 0.0000000 0.0007192 0.0132836 0.0144559 0.0132767 0.0125734 0.0155773 0.0155773 0.1329233 
EM30       0.0264203 0.0256367 0.0007192 0.0000000 0.0125303 0.0136977 0.0125237 0.0118192 0.0148173 0.0148173 0.1318343 
EM17       0.0225100 0.0217353 0.0132836 0.0125303 0.0000000 0.0018044 0.0065501 0.0058381 0.0099101 0.0099101 0.1371483 
EM18       0.0237448 0.0229652 0.0144559 0.0136977 0.0018044 0.0000000 0.0076759 0.0069637 0.0110609 0.0110609 0.1393272 
MB13B1     0.0213061 0.0205357 0.0132767 0.0125237 0.0065501 0.0076759 0.0000000 0.0021732 0.0084085 0.0084085 0.1353961 
MB14A1     0.0202368 0.0194656 0.0125734 0.0118192 0.0058381 0.0069637 0.0021732 0.0000000 0.0076982 0.0076982 0.1333351 
ES213      0.0216828 0.0209119 0.0155773 0.0148173 0.0099101 0.0110609 0.0084085 0.0076982 0.0000000 0.0000010 0.1387879 
KB2B1      0.0216828 0.0209119 0.0155773 0.0148173 0.0099101 0.0110609 0.0084085 0.0076982 0.0000010 0.0000000 0.1387879 
MJ8.1      0.1202982 0.1202982 0.1329233 0.1318343 0.1371483 0.1393272 0.1353961 0.1333351 0.1387879 0.1387879 0.0000000 
